# callgrind format
version: 1
creator: callgrind-3.26.0
pid: 126896
cmd:  ./conversor.elf entrada.txt resultado.txt
part: 1


desc: I1 cache: 
desc: D1 cache: 
desc: LL cache: 

desc: Timerange: Basic block 0 - 1943
desc: Trigger: Program termination

positions: line
events: Ir
summary: 6672


ob=(1) /home/irandisilva/Documentos/GitHub/Interface-Hardware-Software/conversor.elf
fl=(1) /home/irandisilva/Documentos/GitHub/Interface-Hardware-Software/conversor.s
fn=(32) 0x00000000004004d8
360 2
+1 2
+2 2
+1 2
+1 2
+1 2
-3 2
+1 2
+1 2
+1 2
+1 4
+1 4
+1 2
+2 2
+1 2
+1 2
-2 3
+1 3
+1 3
+1 5
+1 5
+1 3
+1 3
+1 3
+1 3
+1 3
+2 2
+1 2

fn=(0) 0x00000000004001b4
34 1
+1 1
+1 1
+3 1
+1 1
+1 1
+1 1
+1 1
+3 1
+1 1
+1 1
+1 1
+1 1
+1 1
+5 1
+1 1
+1 1
+1 1
+1 1
+5 1
+1 1
+1 1
+3 1
+2 1
+1 1
cfn=(10) 0x0000000000400493
calls=1 323 
* 36
-1 15
+1 15
cfn=(10)
calls=15 323 
* 620
+1 16
+1 16
+1 16
+1 16
+3 1
cfn=(32)
calls=1 360 
* 32
+1 1
+1 1
+1 1
+3 1
+1 1
-1 1
+1 1
+3 1
cfn=(32)
calls=1 360 
* 42
+1 1
+1 1
+1 1
+3 1
+1 1
+1 1
+1 1
+3 93
+1 93
cfn=(10)
calls=93 323 
* 3756
+1 93
+1 93
+1 93
+1 93
+3 1
+1 1
+5 1
+5 1
+1 1
+1 17
+5 1
+1 1
+3 1
+1 1
-1 1
+1 1
+3 1
+1 1
+1 1
+5 1
+1 1
+1 1
+2 1
+1 1
-1 31
+1 31
+2 31
+1 31
+1 31
+2 31
+1 31
+1 31
+2 31
+1 31
+1 31
+2 1
+1 1
+5 1
+1 1
+1 1
+1 1
+1 1
+1 1
+2 1
+5 1
+1 1
+2 1
+1 1
+1 1
+1 1
+1 1
+2 1
+1 1
+1 1
+1 1
+2 1
+1 1
+1 1
+1 1
+1 1
+1 1
+1 1
-6 2
+1 2
+1 2
+1 2
+1 2
+1 2
+1 2
+2 1
+1 1
+1 1
+1 1
+1 1
+1 1
+2 1
+1 1
+1 1
+1 1
+1 1
+2 1
+1 1
+5 1
+1 1
+1 1
+1 1
+1 61
+2 1
+1 1
+2 1
+1 1
-1 31
+1 31
+2 31
+1 31
+1 31
+2 31
+1 31
+1 31
+2 31
+1 31
+2 31
+1 31
+3 31
+1 31
-1 60
+1 60
+1 60
+1 60
+1 60
+1 60
+3 31
+1 31
+1 31
+6 1
+1 1
+2 1
+1 1
-1 5
+1 5
+2 5
+2 5
+1 5
+1 5
+1 5
+2 5
+1 5
+1 5
+1 5
+1 5
+1 5
+1 5
+2 5
+1 5
+1 5
+1 5
+3 1
+1 1
+1 1
+1 1
+1 1
+1 1
+3 1
+1 1
+1 1
+2 1
+1 1
+1 1

fn=(10)
323 109
+1 109
+3 109
+1 109
+1 109
+1 109
-3 108
+1 108
+1 108
+1 108
+1 217
+1 217
+1 109
+3 109
+1 109
+1 109
-2 218
+1 218
+1 218
+1 218
+2 218
+1 218
+1 218
+3 29
+1 29
+3 29
+1 29
+1 29
-2 189
+1 189
+1 189
+3 109
+1 109

totals: 6672
